1.34525199526899
2.08616612248837
1.61796613527013
1.747738107521
1.61810259882996
1.82407456335177
2.28328687303902
1.29370593196648
2.64883345447256
1.11659339217387
2.2497157454998
2.37988527434541
0.496346982086012
1.36772842205068
1.74536523775883
2.04848297703325
2.43628195360117
1.79234129694885
2.4365363536079
1.927352105755
1.57431166072624
2.12436762838045
2.014696294768
0.933685654222675
1.32122567300568
1.40176742765979
1.70910458325905
1.49549748184887
1.33115140947322
1.14436869277729
1.49450692589549
0.822749676078195
1.17237599755941
2.42221148114275
2.2359416128744
1.67086889554836
1.51222203536181
1.99909859187998
1.90385674214358
2.23206082928277
1.14947572682479
1.38381023418589
1.57287308379465
2.16953106038201
1.79034797139375
2.39737051456846
2.0080873912428
2.02187614688237
1.58689898065435
1.34940019097389
2.00921886482877
1.8385639340603
1.79747274645236
1.42949548695463
0.783644349516752
1.63484156360923
1.98385765306004
1.39243945749274
1.77821063109195
1.42045044476653
1.80793501640001
1.04336901458458
1.97388982683576
1.35437005004765
1.61205375286828
2.64913194429556
0.866092387832707
1.22785289668338
1.77978573448843
1.6974758034373
1.46605701621216
2.70577599917306
2.26254831611975
2.17408528893723
1.86554520834506
1.91803920096278
2.6268650682703
0.72947131505346
1.12229848897895
2.19602045789342
1.18627264224571
2.18917999211766
1.54652307993023
1.29178493213053
1.4903547832761
2.35434097753418
2.09339697656113
1.57772228028752
1.83938887342664
1.67610341906587
2.61306385877189
1.84458488184436
1.1060106091607
1.70500264558232
1.35605248573081
2.43600106706241
2.1569883825536
1.99505010344865
2.17602363161214
1.30219316112096
2.12238383067945
1.52566317164513
1.7615200874553
0.727598904601768
1.26218641436374
1.74536100922285
0.859505227650448
1.47637429878114
2.15647181746088
2.06522168029337
1.6534466117056
2.10832875893555
1.16754529678572
1.22956568751019
1.56417810989229
1.75047630730033
1.77876001146117
2.13227599403936
2.36459740563179
1.34203960028869
1.64133358619899
2.03190799307314
2.24382627458907
1.38196683174273
1.24868980472452
1.96539358470906
2.34386137085223
1.17800086478339
0.870073552361997
2.71173404180652
1.46028520397106
1.52970739438368
2.66383062438385
2.30182803502515
1.21390167824722
2.27829664954403
1.09362456208158
2.10103849246493
2.19588953396535
3.12354868188861
1.07669049850337
0.900396158960101
2.09139072084989
1.6478498853243
1.55938872574066
1.20945220619215
1.8909664480765
2.18665196618031
1.65255280828739
1.67237024716334
